# P11710
A	0.377699	0.526280	3.332922	1.676310	0.337508	1.519281	0.287981	0.287981
C	0.377699	1.387589	0.476283	0.173399	0.337508	0.365323	0.287981	0.287981
D	0.377699	0.526280	1.428496	0.173399	0.337508	0.365323	0.287981	0.287981
E	0.377699	1.387589	1.428496	0.173399	0.337508	0.365323	0.287981	0.287981
F	0.377699	0.526280	0.476283	0.173399	0.337508	0.365323	0.287981	0.287981
G	0.377699	0.526280	0.476283	0.173399	0.337508	0.365323	0.287981	0.287981
H	0.377699	0.526280	0.476283	0.173399	0.337508	0.365323	0.287981	1.582561
I	0.377699	0.526280	1.428496	0.173399	0.337508	0.365323	1.582561	0.287981
K	0.377699	0.526280	0.476283	0.173399	0.337508	0.365323	0.287981	0.287981
L	2.640611	3.110207	0.476283	0.173399	0.337508	0.365323	0.287981	11.939198
M	0.377699	0.526280	0.476283	0.173399	0.337508	0.365323	0.287981	0.287981
N	0.377699	0.526280	0.476283	0.173399	0.337508	0.365323	0.287981	0.287981
P	2.640611	3.110207	5.237348	0.173399	0.337508	0.365323	1.582561	0.287981
Q	0.377699	2.248898	0.476283	0.173399	0.337508	0.365323	0.287981	0.287981
R	8.297890	0.526280	0.476283	15.202509	1.542039	0.365323	0.287981	0.287981
S	0.377699	0.526280	0.476283	0.173399	2.746571	3.827198	11.939198	1.582561
T	0.377699	0.526280	0.476283	0.173399	9.973759	8.443032	0.287981	0.287981
V	0.377699	1.387589	0.476283	0.173399	0.337508	0.365323	0.287981	0.287981
W	0.377699	0.526280	0.476283	0.173399	0.337508	0.365323	0.287981	0.287981
Y	0.377699	0.526280	0.476283	0.173399	0.337508	0.365323	0.287981	0.287981
