# P15891
A	0.001387	0.856467	0.081502	0.033017	1.980245	0.001387	0.561763	4.714579	0.361191	0.013966
C	0.001387	0.138801	0.081502	0.033017	1.757462	0.001387	0.013966	0.637602	0.852582	0.013966
D	0.001387	0.617245	0.081502	0.033017	1.534679	0.001387	0.013966	0.184605	0.115495	0.013966
E	0.001387	1.334911	0.081502	0.033017	0.866330	0.001387	0.013966	0.637602	0.361191	0.013966
F	0.001387	0.138801	0.081502	0.033017	0.643547	0.001387	0.013966	0.411103	0.115495	0.561763
G	0.001387	0.138801	0.081502	0.570230	0.197981	0.001387	0.013966	0.637602	0.115495	0.013966
H	0.001387	0.138801	0.081502	0.033017	0.197981	0.001387	0.013966	0.184605	4.292324	0.013966
I	0.001387	0.378023	2.888023	0.033017	0.643547	0.001387	0.013966	1.317098	0.115495	0.013966
K	0.001387	0.138801	0.081502	0.033017	0.197981	19.973648	0.013966	0.184605	0.115495	0.013966
L	0.001387	1.334911	1.357194	0.301623	1.757462	0.001387	0.013966	1.770096	0.115495	19.186851
M	0.001387	0.138801	0.081502	0.033017	0.197981	0.001387	0.013966	1.090599	0.115495	0.013966
N	0.001387	0.138801	0.081502	0.033017	0.420764	0.001387	0.013966	0.184605	0.115495	0.013966
P	19.973648	9.468459	1.102055	18.029646	3.094161	0.001387	19.186851	0.864101	0.115495	0.013966
Q	0.001387	0.617245	0.081502	0.033017	0.420764	0.001387	0.013966	0.637602	0.115495	0.013966
R	0.001387	0.138801	0.081502	0.033017	0.197981	0.001387	0.013966	0.411103	0.606887	0.013966
S	0.001387	1.095689	0.081502	0.033017	1.980245	0.001387	0.013966	2.223093	0.115495	0.013966
T	0.001387	2.531021	0.081502	0.033017	1.311896	0.001387	0.013966	0.637602	0.115495	0.013966
V	0.001387	0.378023	13.348694	0.570230	1.311896	0.001387	0.013966	2.902589	0.115495	0.013966
W	0.001387	0.138801	0.081502	0.033017	0.197981	0.001387	0.013966	0.184605	9.697633	0.013966
Y	0.001387	0.138801	0.081502	0.033017	1.089113	0.001387	0.013966	0.184605	2.326758	0.013966
