# P29366
A	1.492401	0.409477	0.163752	0.409477	3.298188	0.001957	0.015431	0.223965
C	0.134054	0.028494	0.491693	0.028494	0.521854	0.001957	0.015431	0.223965
D	0.134054	0.028494	0.163752	0.028494	0.213372	0.001957	0.015431	1.441275
E	0.134054	0.028494	0.163752	0.028494	0.830335	0.001957	0.015431	3.571568
F	0.134054	0.028494	5.082857	0.028494	0.213372	0.001957	0.015431	0.223965
G	5.227854	0.028494	0.163752	0.028494	0.213372	0.001957	0.401537	4.484551
H	0.134054	0.028494	0.163752	0.028494	0.213372	0.001957	0.015431	0.223965
I	0.473641	0.028494	0.163752	0.409477	1.138817	0.001957	0.015431	0.223965
K	0.134054	0.028494	0.163752	0.028494	0.521854	0.001957	0.015431	0.223965
L	0.134054	0.028494	0.491693	0.028494	6.074522	0.001957	0.015431	0.832620
M	0.134054	0.028494	0.163752	0.028494	1.138817	0.001957	0.015431	1.136947
N	0.134054	0.028494	0.163752	0.028494	0.213372	0.001957	0.015431	0.223965
P	5.227854	18.696641	8.034319	0.028494	0.213372	19.962818	0.015431	0.528292
Q	0.134054	0.028494	0.163752	0.028494	0.521854	0.001957	0.015431	1.136947
R	0.134054	0.409477	0.163752	0.028494	0.213372	0.001957	0.015431	0.528292
S	0.134054	0.028494	0.491693	0.028494	0.521854	0.001957	0.015431	2.049930
T	0.134054	0.028494	0.163752	0.028494	1.138817	0.001957	0.015431	0.832620
V	0.134054	0.028494	1.147573	18.696641	2.372743	0.001957	0.015431	0.528292
W	0.134054	0.028494	0.163752	0.028494	0.213372	0.001957	0.015431	0.223965
Y	0.134054	0.028494	2.131394	0.028494	0.213372	0.001957	19.320697	0.223965
