# P32790
A	0.296081	0.277447	0.261326	0.261326	0.452939	0.012346	0.559122
C	0.296081	0.277447	0.261326	0.261326	0.452939	0.012346	0.559122
D	0.296081	0.277447	0.261326	0.261326	3.188244	0.012346	0.559122
E	0.296081	0.277447	0.261326	0.261326	0.452939	0.012346	4.967902
F	0.296081	0.277447	0.261326	2.108011	0.452939	0.012346	0.559122
G	0.296081	0.277447	0.261326	0.261326	0.452939	0.012346	0.559122
H	0.296081	0.277447	0.261326	0.261326	0.452939	0.012346	0.559122
I	0.296081	0.277447	2.108011	0.261326	0.452939	0.012346	0.559122
K	0.296081	0.277447	0.261326	0.261326	0.452939	0.012346	1.661317
L	0.296081	0.277447	0.261326	0.261326	0.452939	0.012346	1.661317
M	0.296081	0.277447	0.261326	0.261326	0.452939	0.012346	0.559122
N	0.296081	0.277447	0.261326	0.261326	0.452939	0.012346	0.559122
P	9.095074	11.115737	0.261326	13.188120	7.291203	0.012346	0.559122
Q	0.296081	0.277447	0.261326	0.261326	1.820592	0.012346	0.559122
R	2.055879	0.277447	0.261326	0.261326	0.452939	19.765432	0.559122
S	0.296081	0.277447	0.261326	0.261326	0.452939	0.012346	0.559122
T	0.296081	0.277447	0.261326	0.261326	0.452939	0.012346	1.661317
V	0.296081	2.083829	13.188120	0.261326	0.452939	0.012346	1.661317
W	0.296081	0.277447	0.261326	0.261326	0.452939	0.012346	0.559122
Y	0.296081	0.277447	0.261326	0.261326	0.452939	0.012346	0.559122
