# P38041
A	1.186563	0.015513	1.030664	0.031355	0.381302	1.660882	3.075018	0.010100	0.722348
C	0.098280	0.015513	0.417384	0.031355	0.055672	1.031471	0.402646	0.010100	0.568096
D	0.098280	0.015513	2.717183	0.031355	0.055672	0.244706	0.874241	0.010100	0.259594
E	0.098280	0.015513	4.863663	0.031355	0.055672	1.188823	1.031440	0.010100	0.259594
F	1.031094	0.015513	0.110744	0.031355	0.055672	0.087353	0.088250	0.180772	0.105342
G	0.098280	0.015513	0.417384	0.198363	0.055672	0.087353	0.088250	0.010100	0.105342
H	0.098280	0.015513	0.264064	0.365371	0.544118	0.244706	0.245448	0.010100	0.105342
I	3.674067	0.015513	0.570704	0.031355	0.055672	1.188823	0.088250	0.010100	1.802107
K	0.098280	0.015513	0.110744	1.534425	0.055672	0.087353	0.088250	0.010100	0.105342
L	4.606882	0.185252	2.257224	0.031355	0.381302	0.559412	10.777735	0.180772	7.046653
M	0.098280	0.185252	0.110744	0.031355	0.055672	0.087353	0.245448	0.010100	0.413845
N	0.098280	0.015513	0.264064	0.031355	4.777311	0.087353	0.245448	0.010100	0.105342
P	2.430315	18.517073	4.710343	0.198363	0.218487	11.259409	0.717043	0.010100	0.568096
Q	0.098280	0.354992	0.264064	0.031355	0.055672	0.087353	0.402646	0.010100	0.568096
R	0.098280	0.015513	0.110744	17.066146	0.055672	0.402059	0.088250	19.125417	0.105342
S	0.098280	0.185252	0.570704	0.198363	12.755253	0.716765	0.559845	0.010100	0.105342
T	0.098280	0.015513	0.110744	0.031355	0.218487	0.244706	0.245448	0.010100	0.105342
V	4.917820	0.015513	0.877344	0.031355	0.055672	0.402059	0.245448	0.010100	1.802107
W	0.253749	0.015513	0.110744	0.031355	0.055672	0.244706	0.245448	0.180772	1.030850
Y	0.409218	0.015513	0.110744	0.031355	0.055672	0.087353	0.245448	0.010100	2.727615
