# P38822
A	0.427007	0.607669	0.427007	0.019608	0.019608	0.427007	2.016710	0.427007
C	0.427007	2.176992	0.427007	0.019608	0.019608	0.427007	0.661097	0.427007
D	0.427007	0.607669	0.427007	0.019608	0.019608	0.427007	0.661097	0.427007
E	0.427007	0.607669	0.427007	0.019608	0.019608	0.427007	0.661097	0.427007
F	0.427007	0.607669	0.427007	0.019608	0.019608	0.427007	0.661097	0.427007
G	0.427007	0.607669	0.427007	0.019608	0.019608	0.427007	0.661097	0.427007
H	0.427007	0.607669	0.427007	0.019608	0.019608	0.427007	0.661097	0.427007
I	0.427007	0.607669	0.427007	0.019608	0.019608	0.427007	2.016710	0.427007
K	9.594900	0.607669	0.427007	0.019608	0.019608	0.427007	0.661097	0.427007
L	0.427007	3.746315	0.427007	0.019608	0.019608	2.718980	0.661097	0.427007
M	0.427007	0.607669	0.427007	0.019608	0.019608	0.427007	0.661097	0.427007
N	0.427007	0.607669	0.427007	0.019608	0.019608	0.427007	0.661097	0.427007
P	0.427007	3.746315	9.594900	19.62745	19.62745	9.594900	3.372323	9.594900
Q	0.427007	0.607669	0.427007	0.019608	0.019608	0.427007	0.661097	0.427007
R	2.718980	0.607669	0.427007	0.019608	0.019608	0.427007	0.661097	0.427007
S	0.427007	0.607669	2.718980	0.019608	0.019608	0.427007	0.661097	0.427007
T	0.427007	0.607669	0.427007	0.019608	0.019608	0.427007	0.661097	0.427007
V	0.427007	0.607669	0.427007	0.019608	0.019608	0.427007	2.016710	2.718980
W	0.427007	0.607669	0.427007	0.019608	0.019608	0.427007	0.661097	0.427007
Y	0.427007	0.607669	0.427007	0.019608	0.019608	0.427007	0.661097	0.427007
