# P39743
A	0.004329	2.249669	0.153066	0.057222	1.978272	0.235228	0.057222
C	0.004329	0.223179	0.153066	0.057222	0.391885	0.235228	0.057222
D	0.004329	0.223179	0.153066	0.057222	3.035864	0.235228	0.057222
E	0.004329	0.223179	0.153066	0.057222	0.920681	0.235228	0.057222
F	0.004329	0.223179	0.153066	0.057222	0.920681	0.235228	0.057222
G	0.004329	0.223179	0.153066	0.057222	0.920681	0.235228	0.877029
H	0.004329	0.223179	0.153066	0.057222	0.391885	0.235228	0.057222
I	0.004329	0.223179	0.153066	0.057222	0.391885	8.880477	0.057222
K	0.004329	0.223179	0.153066	0.057222	0.391885	0.235228	0.057222
L	0.004329	0.898676	2.362460	0.057222	1.978272	5.555381	0.057222
M	0.004329	0.223179	0.153066	0.057222	0.391885	0.235228	0.057222
N	0.004329	0.223179	0.153066	0.877029	0.920681	0.235228	0.057222
P	0.004329	11.706621	0.889530	18.092982	3.564659	0.900247	18.092982
Q	0.004329	0.898676	0.153066	0.057222	0.920681	0.235228	0.057222
R	19.917749	0.223179	0.153066	0.057222	0.391885	0.235228	0.057222
S	0.004329	0.223179	0.153066	0.057222	0.920681	0.235228	0.057222
T	0.004329	0.898676	0.153066	0.057222	0.391885	0.235228	0.057222
V	0.004329	0.223179	14.145893	0.057222	0.391885	0.900247	0.057222
W	0.004329	0.223179	0.153066	0.057222	0.391885	0.235228	0.057222
Y	0.004329	0.223179	0.153066	0.057222	0.391885	0.235228	0.057222
