# P43603
A	2.893999	0.153552	1.562227	0.005334	0.009347	1.566546	0.011667	0.892782
C	0.226395	0.007613	0.089728	0.005334	0.009347	0.217627	0.011667	0.222667
D	0.093015	0.007613	1.160636	0.005334	0.009347	0.622303	0.011667	0.088644
E	0.626535	0.007613	1.696090	0.005334	0.009347	1.161870	0.157010	0.222667
F	0.226395	0.007613	0.089728	0.151608	0.009347	0.082736	0.011667	0.356690
G	0.226395	0.007613	0.223591	0.005334	0.009347	0.217627	0.011667	0.490713
H	0.226395	0.153552	0.089728	0.005334	0.155031	0.352519	0.157010	0.624736
I	0.493155	0.007613	0.223591	0.005334	0.009347	0.892087	0.011667	0.624736
K	0.226395	0.007613	0.089728	0.005334	0.009347	0.217627	0.011667	0.088644
L	1.693577	0.153552	0.892909	19.606108	0.300715	0.757195	0.011667	0.892782
M	0.093015	0.007613	0.357455	0.151608	0.009347	0.487411	0.011667	0.624736
N	0.226395	0.007613	0.089728	0.005334	0.009347	0.217627	0.011667	0.222667
P	6.095124	19.417531	8.924723	0.005334	19.239678	10.739189	0.157010	9.872322
Q	0.093015	0.007613	0.625182	0.005334	0.009347	0.352519	0.011667	0.490713
R	0.226395	0.007613	0.223591	0.005334	0.009347	0.082736	18.906269	0.088644
S	0.626535	0.007613	1.829954	0.005334	0.155031	0.352519	0.011667	0.758759
T	0.226395	0.007613	1.160636	0.005334	0.009347	0.217627	0.302353	0.490713
V	1.693577	0.007613	0.357455	0.005334	0.009347	1.296762	0.011667	1.294851
W	0.093015	0.007613	0.089728	0.005334	0.009347	0.082736	0.011667	0.356690
Y	0.359775	0.007613	0.223591	0.005334	0.009347	0.082736	0.011667	0.356690
