# P47068
A	0.987989	0.156547	0.768973	0.012725	0.309861	2.560959	0.001258	0.000763	4.151906	1.427417	1.566994
C	0.027127	0.004574	0.023726	0.012725	0.006504	0.021600	0.001258	0.000763	0.032938	0.035826	0.055009
D	0.027127	0.004574	1.216122	0.012725	0.461540	3.307830	0.001258	0.000763	1.107451	0.035826	0.055009
E	0.027127	0.156547	2.408518	0.012725	0.158183	4.502822	0.001258	0.000763	0.032938	0.234625	0.055009
F	0.747774	0.004574	0.023726	0.012725	0.006504	0.021600	0.001258	0.000763	0.391109	0.234625	2.700983
G	0.027127	0.004574	0.023726	0.012725	0.006504	0.021600	0.001258	0.000763	0.212024	0.234625	0.055009
H	0.027127	0.156547	0.023726	0.012725	0.006504	0.619096	0.001258	0.000763	3.077393	1.626216	0.055009
I	0.027127	0.004574	1.365171	3.630220	0.006504	0.021600	0.001258	0.000763	0.570195	0.433424	0.055009
K	0.027127	0.004574	0.023726	0.012725	0.006504	0.021600	0.001258	0.000763	0.032938	1.626216	0.055009
L	9.635751	0.156547	0.918023	2.876576	0.613219	0.021600	0.001258	0.000763	1.286537	1.228618	3.456976
M	0.987989	0.004574	1.216122	0.012725	0.006504	0.170974	0.001258	0.000763	0.928366	0.234625	0.811002
N	0.027127	0.004574	0.023726	0.012725	0.006504	0.021600	0.001258	0.000763	0.391109	0.234625	0.055009
P	5.071655	18.697314	6.283805	1.520015	17.752925	5.399067	0.001258	19.985507	0.391109	0.035826	0.055009
Q	0.027127	0.004574	0.918023	0.012725	0.006504	0.469722	0.001258	0.000763	0.749280	1.626216	0.055009
R	0.027127	0.004574	0.023726	0.012725	0.006504	0.021600	19.823625	0.000763	0.391109	5.204592	0.055009
S	0.507558	0.156547	0.768973	0.012725	0.309861	1.216592	0.153737	0.000763	1.644708	1.228618	2.700983
T	0.267342	0.156547	1.365171	0.012725	0.006504	0.619096	0.001258	0.000763	0.928366	0.632222	0.055009
V	1.228205	0.308521	2.557567	11.769585	0.309861	0.768470	0.001258	0.000763	2.361050	1.825014	1.944991
W	0.027127	0.004574	0.023726	0.012725	0.006504	0.021600	0.001258	0.000763	0.212024	1.427417	1.188998
Y	0.267342	0.004574	0.023726	0.012725	0.006504	0.170974	0.001258	0.000763	1.107451	0.433424	4.968961
