# P53281
A	1.275415	0.002268	2.452736	5.110456	0.928234	0.925031	0.096915	0.002268
C	0.586878	0.002268	0.158942	0.162685	0.210572	0.175342	0.096915	0.002268
D	6.095176	0.002268	0.158942	0.162685	0.210572	0.550187	0.096915	0.002268
E	0.242609	0.002268	0.923540	0.162685	0.210572	0.175342	0.096915	0.002268
F	0.242609	0.002268	0.158942	0.162685	3.081218	0.175342	0.096915	0.002268
G	0.242609	0.002268	0.158942	0.543283	0.210572	0.175342	0.096915	0.002268
H	0.586878	0.002268	0.158942	0.162685	0.210572	0.175342	0.096915	0.002268
I	0.586878	0.002268	0.158942	0.162685	0.569403	0.175342	2.149380	0.002268
K	0.586878	0.002268	0.158942	0.162685	0.210572	0.175342	0.096915	0.002268
L	0.931146	0.002268	3.599633	0.162685	6.669525	3.174098	14.874664	0.002268
M	0.242609	0.002268	0.158942	0.543283	3.798879	0.550187	0.096915	0.002268
N	1.275415	0.002268	0.158942	0.162685	0.210572	0.175342	0.096915	0.002268
P	0.931146	0.002268	10.098715	9.677629	0.928234	10.296145	0.507408	19.956916
Q	0.242609	0.002268	0.158942	0.543283	0.210572	0.175342	0.096915	0.002268
R	0.242609	19.956916	0.158942	0.162685	0.210572	0.175342	0.096915	0.002268
S	3.341027	0.002268	0.158942	0.543283	0.210572	1.299876	0.096915	0.002268
T	0.586878	0.002268	0.541241	0.162685	0.210572	0.175342	0.096915	0.002268
V	0.242609	0.002268	0.158942	0.923880	0.928234	0.550187	0.917901	0.002268
W	0.242609	0.002268	0.158942	0.162685	0.210572	0.550187	0.096915	0.002268
Y	0.931146	0.002268	0.158942	0.162685	0.569403	0.175342	0.096915	0.002268
