# Q05080
A	1.788137	0.007105	2.379253	0.024061	0.003999	3.344765	0.251330	0.017826
C	0.136803	0.007105	0.142627	0.024061	0.003999	0.115908	0.093716	0.017826
D	0.286924	0.179782	1.335494	0.024061	0.003999	0.884684	0.251330	0.017826
E	0.887409	0.007105	2.230144	0.193790	0.003999	1.192194	0.093716	0.017826
F	0.737288	0.007105	0.291735	0.024061	0.003999	0.115908	2.615550	0.017826
G	0.737288	0.007105	0.739060	0.024061	0.003999	0.115908	0.093716	0.017826
H	0.136803	0.007105	0.142627	0.024061	0.003999	0.115908	0.093716	0.017826
I	1.638015	0.007105	0.589952	0.872704	0.003999	0.269664	0.566560	0.017826
K	0.136803	0.007105	0.589952	0.024061	0.003999	0.269664	0.093716	0.017826
L	2.538743	0.007105	2.081036	17.845548	0.177217	0.577174	9.235366	0.188639
M	1.337773	0.179782	1.037277	0.702975	0.003999	0.423419	2.142706	0.017826
N	0.437045	0.007105	1.037277	0.024061	0.003999	0.423419	0.093716	0.017826
P	0.587167	19.519654	0.888169	0.024061	19.750803	7.034886	0.408945	18.636420
Q	0.136803	0.007105	1.335494	0.024061	0.003999	0.577174	0.093716	0.017826
R	0.286924	0.007105	0.440843	0.024061	0.003999	0.269664	0.093716	0.017826
S	1.337773	0.007105	1.186386	0.024061	0.003999	1.192194	0.408945	0.359452
T	1.187652	0.007105	1.335494	0.024061	0.003999	1.499704	0.093716	0.359452
V	2.238500	0.007105	1.633711	0.024061	0.003999	0.730929	0.408945	0.188639
W	0.437045	0.007105	0.142627	0.024061	0.003999	0.423419	1.985092	0.017826
Y	0.437045	0.007105	0.291735	0.024061	0.003999	0.423419	0.881789	0.017826
