# Q12163
A	0.212306	0.001919	0.521526	18.792348	0.001919	1.118809	13.098279	0.027574	1.118007
C	0.212306	0.001919	0.222480	0.024048	0.001919	0.524764	0.111426	0.027574	0.527973
D	0.212306	0.001919	4.409127	0.024048	0.001919	0.227741	0.111426	0.027574	0.822990
E	0.212306	0.001919	2.913896	0.024048	0.001919	0.524764	0.111426	0.027574	0.232957
F	0.212306	0.001919	0.222480	0.024048	0.001919	0.227741	0.111426	0.027574	0.232957
G	0.212306	0.001919	0.222480	0.024048	0.001919	0.227741	0.453185	0.027574	0.232957
H	1.727102	0.001919	0.222480	0.024048	0.001919	3.494990	0.111426	0.401584	0.527973
I	0.515265	0.001919	0.521526	0.024048	0.001919	0.227741	0.453185	0.027574	0.822990
K	0.212306	0.001919	0.521526	0.024048	0.001919	1.415832	0.794944	0.027574	0.232957
L	2.333020	0.001919	0.820572	0.024048	0.001919	1.712854	0.111426	0.027574	2.003057
M	0.515265	0.001919	0.222480	0.024048	0.001919	0.227741	0.111426	0.027574	0.232957
N	0.515265	0.001919	0.222480	0.024048	0.001919	0.524764	0.111426	0.027574	1.708040
P	0.212306	0.001919	3.212942	0.774780	19.963532	2.306900	3.187260	18.728071	0.232957
Q	5.665572	0.001919	1.418665	0.024048	0.001919	0.227741	0.111426	0.027574	0.527973
R	1.121184	19.963532	0.820572	0.024048	0.001919	1.712854	0.111426	0.027574	1.118007
S	1.121184	0.001919	0.222480	0.024048	0.001919	3.792013	0.111426	0.401584	1.413023
T	2.938939	0.001919	1.717711	0.024048	0.001919	0.821786	0.111426	0.027574	3.183124
V	1.424143	0.001919	1.119618	0.024048	0.001919	0.227741	0.453185	0.027574	4.068174
W	0.212306	0.001919	0.222480	0.024048	0.001919	0.227741	0.111426	0.027574	0.232957
Y	0.212306	0.001919	0.222480	0.024048	0.001919	0.227741	0.111426	0.027574	0.232957
