# P29366
A	0.222890	1.222305	3.403063	0.264306	1.196245	0.222890	0.326162
C	0.222890	0.333084	0.198979	0.264306	0.411265	0.222890	0.326162
D	0.222890	0.333084	0.198979	0.264306	0.411265	0.222890	0.326162
E	0.222890	0.333084	0.198979	0.264306	0.411265	0.222890	0.326162
F	0.222890	0.333084	0.198979	0.264306	0.411265	0.222890	0.326162
G	0.222890	0.333084	0.198979	0.264306	0.411265	0.222890	0.326162
H	0.222890	0.333084	0.198979	0.264306	0.411265	0.222890	2.123064
I	0.222890	0.333084	0.198979	3.207081	0.411265	0.222890	0.326162
K	4.367477	0.333084	0.198979	0.264306	0.411265	0.222890	0.326162
L	0.222890	0.333084	0.198979	0.264306	3.551184	0.222890	0.326162
M	0.222890	0.333084	0.198979	0.264306	0.411265	0.222890	0.326162
N	0.222890	0.333084	0.198979	0.264306	0.411265	0.222890	0.326162
P	0.222890	8.336081	13.015313	11.054480	3.551184	11.620505	9.310671
Q	0.222890	0.333084	0.198979	0.264306	0.411265	0.222890	0.326162
R	11.620505	0.333084	0.198979	0.264306	0.411265	0.222890	2.123064
S	0.222890	3.889971	0.198979	0.264306	4.336164	0.222890	0.326162
T	0.222890	1.222305	0.198979	0.264306	1.196245	0.222890	0.326162
V	0.222890	0.333084	0.198979	0.264306	0.411265	4.367477	0.326162
W	0.222890	0.333084	0.198979	0.264306	0.411265	0.222890	0.326162
Y	0.222890	0.333084	0.198979	1.245231	0.411265	0.222890	1.224613
