# P32790
A	2.348814	4.419579	1.113835	1.111273	0.646896	1.115652	2.033817	1.101481	0.176243
C	0.273715	0.174584	0.203157	0.221087	0.176091	0.190436	0.195920	2.319252	0.176243
D	0.273715	0.174584	0.203157	2.891646	0.646896	0.190436	0.195920	0.289634	0.176243
E	0.273715	0.174584	0.203157	0.666180	0.176091	0.653044	1.114869	0.289634	0.646961
F	0.273715	0.174584	0.203157	0.221087	0.176091	0.190436	0.195920	0.289634	0.176243
G	3.178854	0.646250	0.203157	0.221087	0.176091	0.190436	0.195920	0.289634	0.176243
H	0.273715	0.174584	0.203157	0.221087	0.176091	0.653044	0.195920	1.101481	0.176243
I	0.273715	0.174584	0.203157	0.221087	0.176091	0.190436	0.195920	0.289634	0.646961
K	0.688735	0.174584	0.203157	0.221087	0.176091	0.190436	0.195920	0.289634	3.941989
L	0.688735	0.174584	2.024512	0.666180	1.117701	0.653044	0.195920	0.695557	0.646961
M	0.273715	0.174584	0.658496	0.221087	0.176091	0.190436	0.195920	0.289634	0.176243
N	0.273715	0.174584	0.203157	0.221087	0.176091	0.190436	0.195920	0.695557	0.176243
P	0.688735	10.551237	10.675948	7.787672	11.946215	11.755633	10.763831	2.319252	0.646961
Q	0.273715	1.117917	0.203157	0.221087	0.176091	0.190436	0.195920	0.695557	0.176243
R	0.688735	0.174584	0.203157	0.221087	0.176091	0.653044	0.195920	2.725175	11.002764
S	1.518775	0.174584	1.113835	0.221087	1.117701	0.190436	0.655394	4.754793	0.176243
T	1.518775	0.174584	1.113835	3.781833	0.176091	0.653044	1.574343	0.695557	0.176243
V	0.273715	0.646250	0.658496	0.221087	2.059311	1.578260	1.114869	0.289634	0.176243
W	0.273715	0.174584	0.203157	0.221087	0.176091	0.190436	0.195920	0.289634	0.176243
Y	0.273715	0.174584	0.203157	0.221087	0.176091	0.190436	0.195920	0.289634	0.176243
