# P32793
A	4.476478	0.000854	2.512880	0.011419	0.003888	1.171141	0.188861	0.871251
C	0.121495	0.000854	0.277097	0.011419	0.003888	0.129415	0.021616	0.113903
D	0.722182	0.000854	1.618567	0.011419	0.003888	2.510502	0.021616	0.265373
E	0.421839	0.000854	1.618567	0.011419	0.003888	1.766412	0.188861	0.871251
F	0.271667	0.000854	0.128045	0.011419	0.003888	0.278233	0.021616	0.265373
G	1.022526	0.000854	0.277097	0.011419	0.003888	0.427051	0.188861	0.416842
H	0.121495	0.000854	0.277097	0.011419	0.003888	0.278233	0.021616	0.416842
I	0.572010	0.000854	0.426149	0.011419	0.003888	0.575869	0.188861	0.416842
K	0.271667	0.000854	0.426149	0.011419	0.003888	0.427051	0.188861	0.265373
L	1.623213	0.000854	1.171410	19.107077	0.174163	2.064048	0.188861	1.022720
M	0.572010	0.000854	0.277097	0.349396	0.003888	0.129415	0.021616	0.265373
N	0.271667	0.000854	0.426149	0.011419	0.003888	0.724687	0.021616	1.022720
P	4.176134	19.983775	4.450559	0.011419	19.755862	4.147499	0.188861	8.444726
Q	0.271667	0.000854	0.724253	0.011419	0.003888	0.724687	0.021616	0.416842
R	0.271667	0.000854	0.128045	0.011419	0.003888	0.129415	18.418584	0.416842
S	1.623213	0.000854	2.065723	0.011419	0.003888	1.766412	0.021616	0.719781
T	1.022526	0.000854	1.618567	0.011419	0.003888	1.022323	0.021616	2.083007
V	1.923557	0.000854	1.171410	0.011419	0.003888	1.171141	0.021616	1.022720
W	0.121495	0.000854	0.128045	0.011419	0.003888	0.278233	0.021616	0.265373
Y	0.121495	0.000854	0.277097	0.349396	0.003888	0.129415	0.021616	0.416842
