# P32790
A	0.271461	1.420668	1.477234	0.473550	0.408803	0.498735	0.371476	0.540496	0.545637
C	0.271461	0.579332	0.522766	1.526450	0.408803	0.498735	0.371476	0.540496	0.545637
D	0.271461	2.262004	1.477234	0.473550	0.408803	2.503794	0.371476	0.540496	0.545637
E	0.271461	0.579332	0.522766	0.473550	1.591197	0.498735	0.371476	1.459504	0.545637
F	0.271461	0.579332	0.522766	0.473550	0.408803	0.498735	0.371476	0.540496	0.545637
G	0.271461	2.262004	0.522766	0.473550	0.408803	0.498735	0.371476	0.540496	1.454363
H	0.271461	0.579332	0.522766	0.473550	0.408803	0.498735	0.371476	1.459504	0.545637
I	0.271461	0.579332	0.522766	0.473550	0.408803	0.498735	1.628524	0.540496	0.545637
K	3.185616	0.579332	0.522766	0.473550	0.408803	0.498735	0.371476	0.540496	0.545637
L	0.271461	1.420668	0.522766	1.526450	1.591197	1.501265	2.885573	1.459504	1.454363
M	0.271461	0.579332	0.522766	0.473550	0.408803	0.498735	0.371476	0.540496	1.454363
N	0.271461	0.579332	0.522766	0.473550	0.408803	0.498735	0.371476	1.459504	0.545637
P	0.271461	2.262004	5.295102	6.790955	8.685559	5.511382	9.170818	4.216528	3.271816
Q	0.271461	0.579332	0.522766	0.473550	0.408803	0.498735	0.371476	0.540496	0.545637
R	11.928082	0.579332	0.522766	1.526450	0.408803	0.498735	0.371476	0.540496	0.545637
S	0.271461	1.420668	1.477234	0.473550	0.408803	0.498735	0.371476	2.378512	3.271816
T	0.271461	0.579332	1.477234	0.473550	0.408803	1.501265	0.371476	0.540496	0.545637
V	0.271461	1.420668	1.477234	1.526450	1.591197	1.501265	0.371476	0.540496	1.454363
W	0.271461	0.579332	0.522766	0.473550	0.408803	0.498735	0.371476	0.540496	0.545637
Y	0.271461	0.579332	0.522766	0.473550	0.408803	0.498735	0.371476	0.540496	0.545637
