# P36006
A	3.425018	0.001135	1.112930	0.124802	3.054265	1.574232	0.001135	2.053473	0.513459	0.063742
C	0.153168	0.001135	0.360064	0.522619	0.147286	0.028223	0.001135	0.172271	0.108008	0.063742
D	0.345630	0.001135	2.242229	0.323710	0.534883	0.028223	0.001135	0.548512	0.108008	0.063742
E	0.923015	0.001135	1.301146	0.721528	0.341085	0.028223	0.001135	0.360392	0.108008	0.489314
F	0.153168	0.001135	0.171848	1.716071	0.341085	0.028223	0.001135	0.548512	0.108008	0.063742
G	0.730554	0.001135	0.924713	0.124802	0.341085	0.028223	0.001135	0.548512	0.108008	0.276528
H	0.153168	0.001135	0.360064	0.124802	0.147286	0.028223	0.001135	0.548512	0.108008	0.063742
I	0.345630	0.001135	0.736497	0.522619	0.147286	0.028223	0.001135	1.300992	4.567970	0.063742
K	0.345630	0.001135	0.171848	0.124802	0.147286	0.028223	0.001135	0.360392	0.108008	0.063742
L	1.307939	0.001135	1.865796	0.323710	3.054265	0.028223	0.001135	2.241593	3.757067	0.489314
M	2.655171	0.001135	0.736497	0.522619	1.697675	0.028223	0.001135	2.241593	0.108008	0.276528
N	0.153168	0.001135	1.112930	0.323710	0.147286	0.028223	0.001135	0.548512	0.108008	0.063742
P	3.040094	19.978434	2.054012	0.124802	4.604654	17.696904	19.978434	2.805953	2.337989	11.554176
Q	0.153168	0.001135	1.112930	0.124802	1.116279	0.028223	0.001135	0.548512	0.108008	0.063742
R	0.153168	0.001135	0.360064	0.124802	0.147286	0.028223	0.001135	0.172271	0.108008	0.063742
S	1.115477	0.001135	1.677579	0.920437	2.472869	0.249081	0.001135	1.677232	0.108008	0.489314
T	0.345630	0.001135	2.995095	1.119345	0.341085	0.028223	0.001135	1.300992	0.310733	0.276528
V	1.692862	0.001135	0.171848	0.124802	0.341085	0.028223	0.001135	1.489112	6.189774	0.702100
W	0.345630	0.001135	0.360064	3.506250	0.534883	0.028223	0.001135	0.360392	0.108008	0.063742
Y	0.345630	0.001135	0.171848	8.478967	0.341085	0.028223	0.001135	0.172271	0.108008	0.063742
