# P38753
A	0.003831	4.351698	0.222273	0.003831	3.387476	0.073584	0.852770
C	0.003831	0.349670	0.222273	0.003831	0.339634	0.073584	0.362002
D	0.003831	1.350177	0.222273	0.003831	1.355582	0.073584	0.362002
E	0.003831	2.350684	0.222273	0.003831	1.355582	0.073584	0.362002
F	0.003831	0.349670	0.222273	0.003831	0.847608	0.073584	1.343537
G	0.003831	0.349670	0.222273	0.003831	1.355582	0.073584	0.362002
H	0.003831	0.349670	0.222273	0.003831	0.339634	0.073584	0.362002
I	0.003831	0.349670	2.017028	0.003831	0.339634	0.073584	2.815841
K	0.003831	0.849924	0.222273	0.003831	0.339634	17.176652	0.362002
L	0.003831	0.349670	9.794301	0.003831	0.847608	0.073584	4.288144
M	0.003831	0.349670	0.222273	0.003831	0.339634	0.073584	0.852770
N	0.003831	0.349670	0.820524	0.003831	0.339634	0.073584	0.362002
P	19.927203	0.849924	0.222273	19.927203	4.403424	0.073584	1.343537
Q	0.003831	1.850431	0.222273	0.003831	0.339634	0.073584	0.362002
R	0.003831	0.349670	0.222273	0.003831	0.339634	1.498839	0.362002
S	0.003831	0.849924	0.222273	0.003831	0.339634	0.073584	0.362002
T	0.003831	2.850938	0.222273	0.003831	2.371529	0.073584	0.852770
V	0.003831	0.349670	3.811783	0.003831	0.339634	0.073584	1.834305
W	0.003831	0.349670	0.222273	0.003831	0.339634	0.073584	0.852770
Y	0.003831	0.849924	0.222273	0.003831	0.339634	0.073584	1.343537
