# P38822
A	0.059278	3.364288	1.902390	0.001996	0.001996	0.085124	0.121042	0.001996
C	0.059278	0.211904	0.097610	0.001996	0.001996	0.085124	0.121042	0.001996
D	0.059278	0.211904	0.097610	0.001996	0.001996	0.451075	0.121042	0.001996
E	1.940722	0.842381	0.097610	0.001996	0.001996	0.085124	0.121042	0.001996
F	0.059278	0.211904	0.097610	0.001996	0.001996	0.085124	0.121042	0.001996
G	0.059278	1.472858	0.097610	0.001996	0.001996	0.085124	0.121042	0.001996
H	0.059278	0.211904	0.097610	0.001996	0.001996	0.085124	0.121042	0.001996
I	0.059278	0.211904	0.097610	0.001996	0.001996	0.085124	3.285292	0.001996
K	16.61598	0.211904	0.097610	0.001996	0.001996	0.085124	0.121042	0.001996
L	0.059278	5.255719	1.902390	0.001996	0.001996	3.012726	0.472625	0.001996
M	0.059278	0.211904	0.097610	0.001996	0.001996	0.085124	0.121042	0.001996
N	0.059278	0.527142	0.097610	0.001996	0.001996	0.085124	0.121042	0.001996
P	0.059278	0.527142	14.17490	19.96207	19.96207	14.72313	11.72329	19.56287
Q	0.059278	0.211904	0.097610	0.001996	0.001996	0.085124	0.121042	0.001996
R	0.435567	0.211904	0.097610	0.001996	0.001996	0.085124	0.121042	0.001996
S	0.059278	3.049050	0.458566	0.001996	0.001996	0.451075	0.121042	0.001996
T	0.059278	1.788096	0.097610	0.001996	0.001996	0.085124	0.121042	0.001996
V	0.059278	0.211904	0.097610	0.001996	0.001996	0.085124	2.582125	0.001996
W	0.059278	0.211904	0.097610	0.001996	0.001996	0.085124	0.121042	0.001996
Y	0.059278	0.842381	0.097610	0.001996	0.001996	0.085124	0.121042	0.001996
