# P39743
A	4.119613	0.000746	3.867232	0.000746	0.000746	1.579633	0.000746	1.567876
C	0.102944	0.000746	0.367324	0.000746	0.000746	0.096851	0.000746	0.379299
D	0.102944	0.000746	1.309607	0.000746	0.000746	0.096851	0.000746	0.379299
E	0.638500	0.000746	2.924949	0.000746	0.000746	0.501246	0.000746	0.643427
F	0.102944	0.000746	0.098101	0.000746	0.000746	0.770843	0.000746	0.511363
G	1.977390	0.000746	0.098101	0.000746	0.000746	0.096851	0.000746	0.247235
H	0.102944	0.000746	0.098101	0.000746	0.000746	0.096851	0.000746	0.115171
I	0.370722	0.000746	0.098101	0.000746	0.000746	0.770843	0.000746	2.096132
K	0.638500	0.000746	0.098101	0.000746	0.000746	0.096851	0.000746	0.115171
L	3.182390	0.000746	0.771160	19.985831	0.000746	1.310036	0.000746	3.812965
M	0.102944	0.000746	0.771160	0.000746	0.000746	1.175238	0.000746	1.171683
N	0.236833	0.000746	0.367324	0.000746	0.000746	0.096851	0.000746	0.115171
P	3.450168	19.985831	5.886409	0.000746	19.985831	8.454349	0.000746	1.699940
Q	0.370722	0.000746	0.636548	0.000746	0.000746	0.501246	0.000746	0.247235
R	0.370722	0.000746	0.098101	0.000746	0.000746	0.096851	19.985831	0.115171
S	0.370722	0.000746	1.174995	0.000746	0.000746	1.040440	0.000746	0.775491
T	0.236833	0.000746	0.636548	0.000746	0.000746	0.366448	0.000746	1.171683
V	1.040167	0.000746	0.501936	0.000746	0.000746	0.636044	0.000746	2.624388
W	0.102944	0.000746	0.098101	0.000746	0.000746	0.905641	0.000746	0.511363
Y	0.906278	0.000746	0.098101	0.000746	0.000746	1.310036	0.000746	0.643427
