# P39969
A	0.239261	0.113509	0.256652	0.264583	1.653543	0.187868	3.593228	0.031804
C	0.239261	0.113509	0.256652	0.264583	0.201226	0.187868	0.200219	0.031804
D	0.239261	0.113509	2.959735	0.710290	0.201226	0.187868	1.169650	0.031804
E	0.239261	0.113509	2.058707	0.264583	0.201226	0.187868	0.200219	0.031804
F	1.622423	0.113509	0.256652	0.264583	0.201226	0.680069	0.200219	0.031804
G	0.239261	1.725311	1.608194	1.601705	0.201226	0.187868	0.200219	0.031804
H	0.239261	0.113509	0.707166	1.601705	0.201226	0.680069	0.200219	0.031804
I	1.622423	0.113509	0.256652	0.264583	0.201226	1.172271	0.200219	0.031804
K	0.239261	0.113509	0.256652	2.493120	0.201226	0.187868	0.200219	0.031804
L	5.771909	0.650776	0.707166	0.264583	0.201226	4.617681	9.894531	0.618590
M	0.239261	0.113509	0.256652	0.264583	0.201226	0.187868	0.200219	0.031804
N	0.239261	0.113509	0.256652	0.264583	3.105859	0.187868	0.200219	0.031804
P	1.622423	15.156991	7.464873	0.710290	0.201226	10.031896	1.654366	0.031804
Q	0.239261	0.113509	0.256652	0.264583	0.685331	0.187868	0.684935	0.031804
R	0.239261	0.650776	0.707166	7.395902	0.201226	0.187868	0.200219	18.808935
S	0.239261	0.113509	0.707166	1.155998	10.367443	0.187868	0.200219	0.031804
T	0.239261	0.113509	0.256652	0.264583	0.201226	0.187868	0.200219	0.031804
V	4.388747	0.113509	0.256652	0.264583	0.201226	0.187868	0.200219	0.031804
W	0.239261	0.113509	0.256652	1.155998	0.685331	0.187868	0.200219	0.031804
Y	0.239261	0.113509	0.256652	0.264583	0.685331	0.187868	0.200219	0.031804
