# P40073
A	0.150650	0.561314	0.563100	0.025162	0.001264	2.757952	0.066127	0.013520
C	0.150650	0.111380	0.114997	0.025162	0.001264	0.355782	0.066127	0.013520
D	6.386387	0.786281	2.131460	0.025162	0.001264	0.137402	0.066127	0.013520
E	3.591056	0.336347	1.907408	0.025162	0.001264	0.355782	0.066127	0.013520
F	0.580700	0.111380	0.114997	0.025162	0.001264	0.137402	0.066127	0.013520
G	0.580700	0.111380	0.114997	0.025162	0.001264	0.137402	0.066127	0.013520
H	0.150650	0.336347	0.339048	0.025162	0.001264	0.137402	0.066127	0.013520
I	0.365675	0.111380	0.339048	0.025162	0.001264	0.137402	1.484668	0.013520
K	0.365675	9.784970	0.114997	0.025162	0.001264	0.137402	0.066127	0.013520
L	0.365675	0.111380	0.339048	18.287945	0.001264	4.723364	14.960807	0.263262
M	0.150650	0.111380	0.114997	0.025162	0.001264	1.010919	0.066127	0.013520
N	1.010751	0.786281	0.114997	0.025162	0.001264	0.355782	0.066127	0.013520
P	0.150650	0.111380	10.869464	1.012340	19.975980	6.470397	0.538974	19.243641
Q	0.580700	0.561314	0.339048	0.025162	0.001264	0.137402	0.066127	0.013520
R	0.150650	4.835691	0.114997	0.025162	0.001264	0.137402	0.066127	0.013520
S	1.655827	0.786281	1.459305	0.025162	0.001264	0.792540	0.066127	0.013520
T	0.365675	0.111380	0.339048	0.025162	0.001264	1.010919	0.538974	0.013520
V	0.150650	0.111380	0.339048	0.271957	0.001264	0.792540	1.484668	0.263262
W	1.010751	0.111380	0.114997	0.025162	0.001264	0.137402	0.066127	0.013520
Y	1.010751	0.111380	0.114997	0.025162	0.001264	0.137402	0.066127	0.013520
