# P53281
A	3.168337	0.004149	1.436728	0.282864	0.097646	1.486350	0.004149
C	0.315262	0.004149	0.344909	0.282864	0.097646	0.270474	0.004149
D	0.315262	0.004149	3.074456	0.282864	0.097646	0.270474	0.004149
E	0.315262	0.004149	2.528546	0.282864	0.097646	0.270474	0.004149
F	0.315262	0.004149	0.890818	0.282864	0.097646	0.878412	0.004149
G	0.885877	0.004149	0.344909	0.282864	0.097646	0.270474	0.004149
H	0.315262	0.004149	0.344909	0.282864	0.097646	0.270474	0.004149
I	0.315262	0.004149	0.344909	2.673317	0.097646	0.878412	0.004149
K	0.315262	0.004149	0.344909	0.282864	0.097646	0.270474	0.004149
L	0.315262	0.004149	0.890818	5.661383	0.849608	1.486350	0.004149
M	0.315262	0.004149	0.344909	0.282864	0.097646	0.270474	0.004149
N	0.315262	0.004149	0.344909	0.282864	0.097646	0.270474	0.004149
P	3.738952	19.921162	5.258094	2.075704	16.640810	9.997482	0.004149
Q	0.315262	0.004149	0.344909	0.282864	0.097646	0.270474	0.004149
R	0.315262	0.004149	0.890818	0.282864	0.097646	0.270474	19.921162
S	0.885877	0.004149	0.344909	0.282864	0.097646	0.270474	0.004149
T	0.885877	0.004149	0.890818	0.282864	0.097646	0.878412	0.004149
V	1.456492	0.004149	0.344909	5.063770	0.849608	0.878412	0.004149
W	0.315262	0.004149	0.344909	0.282864	0.097646	0.270474	0.004149
Y	0.315262	0.004149	0.344909	0.282864	0.097646	0.270474	0.004149
