# P80667
A	0.198102	1.878817	0.254722	1.504103	0.002933	0.002933	3.502806	0.002933	0.114497
C	0.198102	0.350440	0.254722	0.340789	0.002933	0.002933	0.324640	0.002933	0.114497
D	0.669807	0.732534	0.254722	1.116331	0.002933	0.002933	2.708265	0.002933	0.114497
E	0.669807	2.260911	0.254722	1.116331	0.002933	0.002933	1.516452	0.002933	0.114497
F	0.198102	0.350440	1.131520	0.340789	0.002933	0.002933	0.324640	0.002933	0.114497
G	0.669807	0.732534	0.254722	0.340789	0.002933	0.002933	1.516452	0.002933	0.114497
H	0.198102	0.732534	0.254722	0.340789	0.002933	0.002933	0.324640	0.002933	0.114497
I	0.669807	1.114628	3.323512	1.891874	0.002933	0.002933	0.324640	0.002933	3.239801
K	0.198102	0.350440	0.254722	0.728560	0.002933	0.002933	0.721910	0.002933	0.114497
L	0.198102	0.732534	5.077107	1.504103	0.002933	0.002933	1.119181	0.002933	14.178363
M	0.198102	0.732534	0.254722	1.116331	0.002933	0.002933	0.324640	0.002933	0.635381
N	0.669807	1.114628	0.254722	0.340789	0.002933	0.002933	0.324640	0.002933	0.114497
P	11.519014	1.496723	1.569918	1.116331	0.002933	19.944282	1.119181	0.002933	0.114497
Q	0.198102	0.732534	0.254722	0.728560	0.002933	0.002933	0.324640	0.002933	0.114497
R	0.198102	0.350440	0.254722	0.340789	19.944282	0.002933	0.721910	0.002933	0.114497
S	1.141511	1.496723	0.254722	1.504103	0.002933	0.002933	1.913723	0.002933	0.114497
T	1.613216	1.496723	0.254722	3.055187	0.002933	0.002933	0.324640	0.002933	0.114497
V	0.198102	2.260911	4.200310	0.728560	0.002933	0.002933	1.119181	0.002933	0.114497
W	0.198102	0.350440	0.254722	0.340789	0.002933	0.002933	0.721910	19.944282	0.114497
Y	0.198102	0.732534	1.131520	1.504103	0.002933	0.002933	0.721910	0.002933	0.114497
