# P80667
A	0.502833	1.365472	0.109281	0.257625	2.343856	0.042858	0.092093	0.529724
C	0.040352	0.180157	0.109281	0.021951	0.578206	0.042858	0.092093	0.092258
D	0.040352	0.772815	0.109281	0.257625	1.559123	0.042858	0.092093	0.310991
E	0.271592	2.155683	0.109281	0.021951	1.951489	0.273495	0.092093	0.310991
F	0.040352	0.377709	0.109281	0.021951	0.382022	0.042858	0.967184	0.092258
G	1.196554	0.772815	0.109281	0.021951	0.970572	0.042858	0.092093	0.092258
H	0.040352	0.377709	0.109281	0.021951	0.185839	0.042858	0.092093	0.092258
I	0.040352	0.377709	2.470223	0.021951	0.774389	0.042858	0.092093	0.310991
K	0.040352	0.377709	0.109281	0.021951	0.382022	1.426678	0.092093	0.092258
L	0.271592	1.365472	9.553046	0.493300	0.382022	0.042858	0.529638	0.967190
M	0.040352	0.970367	2.255591	0.021951	1.559123	0.042858	0.310865	0.092258
N	0.040352	0.377709	0.109281	0.021951	0.185839	0.042858	0.092093	0.967190
P	17.152150	1.958130	0.967805	18.640238	1.755306	0.042858	9.061780	0.092258
Q	0.040352	1.958130	0.109281	0.021951	0.774389	0.273495	0.092093	0.310991
R	0.040352	0.180157	0.109281	0.021951	0.185839	16.879331	0.092093	0.310991
S	0.040352	2.353235	0.323912	0.021951	0.774389	0.504131	0.529638	0.310991
T	0.040352	1.760578	0.323912	0.021951	1.362939	0.042858	0.092093	1.185923
V	0.040352	1.958130	2.684854	0.021951	2.343856	0.042858	0.092093	0.092258
W	0.040352	0.180157	0.109281	0.021951	0.970572	0.042858	7.092824	13.434974
Y	0.040352	0.180157	0.109281	0.021951	0.578206	0.042858	0.310865	0.310991
