# Q04439
A	2.371771	0.010413	1.438553	0.132347	4.439060	0.666792	0.235300	2.159178	0.110779	0.683867
C	0.147277	0.010413	0.159440	0.509587	0.140235	0.042026	0.022883	0.347962	0.110779	0.091117
D	0.332652	0.010413	2.900396	0.509587	1.261668	0.042026	0.022883	0.166841	0.110779	0.091117
E	0.703401	0.010413	1.438553	0.320967	0.327140	0.042026	0.235300	0.710206	0.110779	0.288700
F	0.147277	0.010413	0.159440	0.698208	0.327140	0.250281	0.022883	0.529084	0.304088	0.091117
G	1.630273	0.225541	0.524901	1.264068	0.140235	0.042026	0.235300	1.253570	0.497397	0.091117
H	0.147277	0.010413	0.159440	0.886828	0.140235	0.042026	0.022883	0.347962	0.110779	0.288700
I	0.518026	0.010413	0.342171	0.132347	0.140235	0.250281	0.022883	1.253570	4.363575	0.486284
K	0.147277	0.010413	0.342171	0.132347	0.140235	0.042026	0.022883	0.166841	0.110779	0.091117
L	1.074150	0.225541	1.986744	0.320967	2.756911	0.250281	0.447716	1.796935	3.203721	0.288700
M	3.854767	0.010413	1.438553	0.320967	1.822384	0.042026	0.022883	1.072449	0.497397	0.486284
N	0.147277	0.010413	0.890362	0.509587	0.514046	0.042026	0.022883	0.166841	0.110779	0.091117
P	2.371771	19.371889	1.986744	1.264068	4.252155	17.118956	18.503142	1.978056	2.623795	8.192029
Q	0.147277	0.010413	0.707631	0.320967	0.514046	0.042026	0.022883	0.891327	0.110779	0.486284
R	0.147277	0.010413	0.159440	0.132347	0.327140	0.250281	0.022883	0.710206	0.110779	0.091117
S	0.518026	0.010413	0.890362	0.886828	1.448573	0.042026	0.022883	1.796935	0.110779	0.486284
T	0.518026	0.010413	3.083126	0.509587	0.140235	0.042026	0.022883	0.529084	0.110779	0.288700
V	2.186397	0.010413	1.073092	0.320967	0.514046	0.250281	0.022883	2.159178	4.943501	0.486284
W	0.332652	0.010413	0.159440	2.207170	0.140235	0.042026	0.022883	0.166841	0.110779	0.091117
Y	0.518026	0.010413	0.159440	8.620258	0.514046	0.458536	0.022883	0.347962	0.110779	0.091117
