# Q06449
A	0.001560	0.943539	0.116665	0.325822	2.515747	0.001560	0.423145
C	0.001560	0.096627	0.116665	0.019377	0.163726	0.001560	0.160938
D	0.001560	0.378931	0.116665	0.019377	0.947733	0.001560	1.471973
E	0.001560	0.661235	0.116665	0.019377	2.254411	0.001560	0.160938
F	0.001560	0.096627	0.116665	0.019377	0.425062	0.001560	0.423145
G	0.001560	0.096627	0.116665	0.019377	0.163726	0.001560	0.160938
H	0.001560	0.096627	0.116665	0.019377	0.163726	0.001560	0.160938
I	0.001560	0.096627	6.465634	0.019377	0.425062	0.001560	1.734180
K	0.001560	0.378931	0.116665	0.019377	0.425062	0.001560	0.160938
L	0.001560	0.378931	6.465634	0.019377	0.686397	0.001560	7.240526
M	0.001560	0.096627	0.116665	0.019377	0.947733	0.001560	0.160938
N	0.001560	0.096627	0.116665	0.019377	0.163726	0.001560	2.783007
P	19.970359	14.494137	0.392707	19.018943	8.265131	0.001560	1.471973
Q	0.001560	0.378931	0.116665	0.019377	0.163726	0.001560	0.160938
R	0.001560	0.378931	0.116665	0.019377	0.163726	19.970359	0.160938
S	0.001560	0.096627	0.116665	0.325822	0.163726	0.001560	0.160938
T	0.001560	0.661235	0.116665	0.019377	0.425062	0.001560	2.520800
V	0.001560	0.378931	4.809381	0.019377	1.209069	0.001560	0.160938
W	0.001560	0.096627	0.116665	0.019377	0.163726	0.001560	0.160938
Y	0.001560	0.096627	0.116665	0.019377	0.163726	0.001560	0.160938
