# Q06449
A	0.068206	0.609859	0.019739	3.064259	5.418658	0.192538	1.721638	0.127351	0.068206
C	0.068206	0.609859	0.019739	0.217005	0.240543	0.192538	0.117998	0.127351	0.068206
D	0.068206	4.186155	0.019739	4.131980	0.240543	0.192538	0.117998	0.127351	0.068206
E	0.068206	0.609859	0.019739	1.996539	0.930958	0.192538	0.117998	0.524010	0.068206
F	0.491749	0.609859	0.019739	0.217005	0.585751	4.596877	0.117998	0.127351	0.068206
G	0.068206	0.284741	0.019739	0.217005	1.276166	0.559566	0.117998	0.127351	0.068206
H	0.068206	1.910330	0.019739	0.217005	0.240543	0.559566	0.117998	0.127351	0.068206
I	0.068206	0.934976	0.019739	0.572912	0.240543	0.192538	0.518908	2.110644	0.068206
K	0.068206	0.284741	0.019739	0.217005	0.240543	0.192538	0.117998	0.127351	0.068206
L	0.491749	2.235448	0.019739	0.928819	2.656997	5.330934	0.518908	12.423772	0.068206
M	0.068206	0.609859	0.019739	0.217005	1.621374	4.963905	0.117998	0.127351	0.491749
N	0.068206	0.934976	0.019739	0.217005	0.240543	0.192538	0.117998	0.127351	0.068206
P	0.491749	0.609859	0.019739	5.555607	3.002204	0.192538	14.149847	0.127351	17.009912
Q	0.068206	0.934976	0.465312	0.572912	0.240543	0.192538	0.117998	0.127351	0.491749
R	0.068206	0.284741	19.179378	0.217005	0.585751	0.192538	0.518908	0.127351	0.068206
S	0.068206	0.934976	0.019739	0.572912	0.930958	0.192538	0.919818	0.127351	0.491749
T	0.491749	1.260094	0.019739	0.217005	0.585751	0.192538	0.117998	0.127351	0.491749
V	0.068206	1.260094	0.019739	0.217005	0.240543	0.192538	0.117998	2.903962	0.068206
W	0.068206	0.284741	0.019739	0.217005	0.240543	0.192538	0.117998	0.127351	0.068206
Y	17.009912	0.609859	0.019739	0.217005	0.240543	1.293623	0.117998	0.127351	0.068206
