# Q07533
A	4.740616	0.554462	0.002217	0.912087	0.103216	0.019014	0.209073	0.046254	0.019014	0.002217	0.139175
C	0.217080	0.198031	0.002217	0.208785	0.103216	0.019014	1.263642	0.046254	0.019014	0.002217	0.139175
D	0.217080	0.198031	0.002217	4.780248	0.103216	0.019014	0.209073	0.046254	19.202739	0.002217	0.139175
E	0.217080	1.267323	0.002217	4.076946	0.103216	0.019014	2.669735	0.046254	0.455008	0.002217	0.139175
F	0.217080	1.267323	0.002217	0.208785	0.501787	0.019014	0.209073	0.046254	0.019014	0.002217	0.521764
G	0.217080	0.910892	0.002217	0.208785	0.103216	0.019014	0.209073	0.470141	0.019014	0.002217	0.139175
H	1.260973	0.198031	0.002217	0.208785	0.103216	0.019014	0.209073	0.046254	0.019014	0.002217	0.139175
I	0.217080	0.198031	0.002217	0.208785	2.494640	0.019014	0.912119	0.046254	0.019014	0.002217	2.434709
K	0.217080	0.198031	0.002217	0.208785	0.103216	0.019014	0.209073	0.894028	0.019014	0.002217	0.139175
L	0.217080	0.910892	0.002217	0.208785	14.451757	0.019014	3.372781	0.046254	0.019014	0.002217	11.234256
M	0.217080	0.198031	0.002217	0.208785	0.103216	0.019014	0.209073	0.046254	0.019014	0.002217	2.434709
N	0.565045	0.554462	0.002217	0.208785	0.103216	0.019014	0.209073	0.046254	0.019014	0.002217	0.139175
P	1.260973	1.623753	19.957871	3.725295	0.501787	19.202739	5.130396	0.046254	0.019014	0.002217	0.139175
Q	0.217080	0.198031	0.002217	0.208785	0.103216	0.019014	0.209073	0.046254	0.019014	0.002217	0.139175
R	0.217080	1.267323	0.002217	0.208785	0.103216	0.019014	0.209073	17.849521	0.019014	0.002217	0.139175
S	0.217080	0.198031	0.002217	1.263738	0.103216	0.455008	0.209073	0.046254	0.019014	0.002217	0.139175
T	3.000795	0.198031	0.002217	2.318691	0.103216	0.019014	3.724304	0.046254	0.019014	0.002217	0.139175
V	1.956902	9.465224	0.002217	0.208785	0.501787	0.019014	0.209073	0.046254	0.019014	0.002217	0.521764
W	0.217080	0.198031	0.002217	0.208785	0.103216	0.019014	0.209073	0.046254	0.019014	0.002217	0.139175
Y	4.392652	0.198031	0.002217	0.208785	0.103216	0.019014	0.209073	0.046254	0.019014	19.957871	0.139175
