# Q07533
A	0.458732	0.008264	1.343984	0.387429	0.259354	1.392393	0.473166	0.153649	0.498551
C	1.360845	0.008264	0.484024	0.387429	0.259354	0.411411	1.351223	0.153649	0.498551
D	0.458732	0.008264	0.484024	0.387429	0.259354	0.411411	0.473166	0.153649	1.334299
E	1.360845	0.008264	0.484024	0.387429	1.493764	1.392393	0.473166	0.153649	0.498551
F	0.458732	0.008264	0.484024	0.387429	0.259354	0.411411	0.473166	0.153649	0.498551
G	0.458732	0.008264	0.484024	0.387429	0.259354	0.411411	1.351223	0.153649	2.170047
H	0.458732	0.008264	0.484024	0.387429	0.259354	0.411411	0.473166	0.153649	1.334299
I	0.458732	0.008264	0.484024	0.387429	0.259354	0.411411	1.351223	0.153649	0.498551
K	0.458732	0.008264	0.484024	0.387429	0.259354	0.411411	0.473166	0.153649	0.498551
L	4.067187	0.008264	1.343984	7.534086	0.259354	0.411411	5.741510	0.153649	1.334299
M	1.360845	0.008264	0.484024	1.408380	1.493764	0.411411	0.473166	0.153649	0.498551
N	0.458732	0.008264	0.484024	2.429331	0.259354	0.411411	0.473166	0.153649	0.498551
P	0.458732	0.008264	4.783821	0.387429	12.603455	5.316319	2.229280	15.670077	3.005795
Q	0.458732	0.008264	0.484024	0.387429	0.259354	0.411411	0.473166	0.153649	0.498551
R	0.458732	19.842975	0.484024	0.387429	0.259354	0.411411	0.473166	0.153649	0.498551
S	0.458732	0.008264	3.063902	0.387429	0.259354	5.316319	0.473166	0.153649	3.841543
T	0.458732	0.008264	1.343984	0.387429	0.259354	0.411411	1.351223	0.153649	0.498551
V	4.067187	0.008264	1.343984	1.408380	0.259354	0.411411	0.473166	1.564234	0.498551
W	0.458732	0.008264	0.484024	0.387429	0.259354	0.411411	0.473166	0.153649	0.498551
Y	0.458732	0.008264	0.484024	0.387429	0.259354	0.411411	0.473166	0.153649	0.498551
